000
000
000
000
000
000
000
000
000
000
000
000
000
000
000
000
000
000
000
000
766
766
766
776
776
776
776
766
776
876
877
877
876
876
877
876
876
877
877
876
655
655
655
555
876
876
876
766
765
765
665
665
665
655
655
655
655
000
000
000
000
000
000
000
000
000
000
000
000
000
000
000
000
000
000
000
000
000
000
000
000
000
000
000
766
776
776
776
876
776
776
876
876
876
876
877
876
876
876
876
877
877
877
766
DCC
EEE
EEE
EEE
766
665
555
655
766
765
765
765
665
765
765
665
655
000
000
000
000
000
000
000
000
000
000
000
000
000
000
000
000
000
000
000
000
000
000
000
000
000
000
000
776
776
876
876
876
876
876
876
876
877
876
887
876
876
877
987
877
877
544
CCC
EEE
EEE
EEE
EEE
EEE
EEE
EEE
EEE
544
444
766
765
766
765
765
665
655
000
000
000
000
000
000
000
000
000
000
000
000
000
000
454
554
554
554
554
776
876
987
665
766
766
766
776
776
876
876
876
876
876
876
876
876
887
887
877
877
877
877
987
987
877
DCC
EED
EEE
EEE
EEE
EEE
EEE
EEE
EEE
000
000
000
000
000
000
000
000
000
000
000
000
000
000
000
000
000
000
000
000
000
000
000
000
554
554
554
555
555
665
987
A98
766
766
766
766
876
876
876
876
876
876
876
876
876
887
887
887
987
876
887
987
987
987
655
DDD
EEE
EEE
EEE
EEE
EEE
EEE
EEE
EEE
000
000
000
000
000
000
000
000
000
000
000
000
000
000
000
000
000
000
000
000
000
000
000
000
998
887
555
554
655
665
987
A99
766
766
876
876
877
877
877
877
887
876
876
887
887
987
987
987
987
987
987
987
987
543
DDC
EEE
EEE
EEE
EEE
EEE
EEE
EEE
EEE
DDC
000
000
000
000
000
000
000
000
000
000
000
000
000
000
000
000
000
000
000
000
000
000
000
000
988
AA9
AA9
988
987
766
765
987
766
776
776
876
876
876
877
887
887
987
987
987
987
987
987
877
877
987
987
987
987
CCC
EEE
EEE
EEE
EEE
EEE
EEE
EEE
EEE
DCC
987
000
000
000
000
000
000
000
000
000
000
000
000
000
000
000
000
000
000
000
000
000
000
000
000
998
AA9
AA9
AAA
BAA
876
665
766
776
876
876
877
887
887
887
987
987
987
987
000
000
000
000
000
000
000
000
000
000
000
000
000
A99
EEE
EEE
EFF
DDD
CBB
987
987
987
877
988
BAA
CBB
CBB
766
766
656
655
000
000
000
000
000
000
000
000
000
000
000
000
000
000
444
555
AA9
AA9
AA9
987
665
665
877
877
987
987
987
988
988
988
988
988
988
000
000
000
000
000
000
000
000
000
000
000
000
000
A98
A99
A99
A98
A98
A98
988
987
987
BA9
CCB
CCB
877
766
766
666
656
655
000
000
000
000
000
000
000
000
000
000
000
000
000
000
444
554
554
555
555
A98
665
655
877
987
988
988
998
998
998
998
998
988
A98
000
000
000
000
000
000
000
000
000
000
000
000
000
BA9
A98
A98
A98
A98
A98
988
A98
CBB
DCC
877
776
777
766
666
666
655
655
000
000
000
000
000
000
000
000
000
000
000
000
000
000
444
554
555
555
665
BA9
655
654
988
998
988
998
A98
A99
A99
A99
A99
998
998
000
000
000
000
000
000
000
000
000
000
000
000
000
DCC
CCB
CBB
BAA
A99
A98
BA9
CBB
877
877
877
777
767
766
666
656
655
655
000
000
000
000
000
000
000
000
000
000
000
000
000
000
454
555
555
555
999
BBA
655
665
A99
A99
AA9
BBA
EEE
EEE
BAA
AAA
AA9
A99
A99
000
000
000
000
000
000
000
000
000
000
000
000
000
A99
998
DDC
CCC
CBB
CBA
CCB
987
887
878
777
777
767
767
766
666
655
655
000
000
000
000
000
000
000
000
000
000
000
000
000
000
333
333
544
887
A98
CBA
765
765
DCC
999
A99
AA9
DDD
EEF
EEF
EEE
EEE
DDD
AA9
BAA
BAA
986
986
A97
876
988
988
988
998
988
988
998
998
CCB
DCC
BBB
A99
988
988
888
989
888
888
878
877
777
767
766
665
665
000
000
000
000
000
000
000
000
000
000
000
000
000
000
222
333
554
887
AA9
BBA
765
765
DDC
BAA
998
A99
BA9
BA9
BAA
BAA
BAA
AAA
AA9
BAA
DCB
A97
976
A87
987
999
998
998
988
998
998
999
998
988
987
877
987
A98
A99
988
989
989
988
888
878
777
777
767
766
665
000
000
000
000
000
000
000
000
000
000
000
000
000
000
221
565
887
BBA
BAA
BBA
766
766
DDC
BAA
987
A98
AA9
BA9
BA9
BA9
BA9
AA9
AA9
BA9
A98
986
A98
B98
A87
988
988
988
998
998
999
999
999
999
A99
986
875
987
876
A99
998
998
988
988
888
877
777
767
211
666
000
000
000
000
000
000
000
000
000
000
000
000
000
000
887
567
567
AAA
555
AA9
766
877
BBB
BBA
A98
BA9
BAA
BBA
BBA
BBA
BAA
BA9
AA9
BA9
AA9
A97
A97
BA8
986
987
987
987
987
988
998
A99
A99
A99
A99
987
976
987
987
A99
A99
BAA
CBB
CCC
998
A99
776
666
667
667
000
000
000
000
000
000
000
000
000
000
000
000
000
000
676
345
345
AA9
444
A98
876
877
EEE
EED
BBB
BAB
AAB
BBB
FEF
FEE
EEE
AAA
AAA
A99
AA8
B98
BA8
BA8
987
988
988
988
987
998
A99
A99
A98
A99
BA9
A87
986
BA8
976
BAA
CCB
BBB
DDD
DCC
CBB
AA9
998
766
778
667
000
000
000
000
000
000
000
000
000
000
000
000
000
000
A99
778
246
678
333
998
876
877
776
EEE
CCC
DDD
988
BA9
BBA
CBB
CBB
BBA
BBA
BBB
AA8
B98
BA8
BA8
AAA
AAB
ABB
BAB
BBB
BAA
BAA
BAA
BAA
BAA
BA9
A97
876
A98
A97
CBB
DCC
DDC
DDC
DDC
DDD
BA9
A98
777
778
778
000
000
000
000
000
000
000
000
000
000
000
000
000
000
000
000
000
000
000
000
000
000
000
000
000
000
A99
A99
BAA
DDC
EDD
EDD
DCC
BBC
A98
BA8
BA8
BA9
A98
998
ABC
AAB
BAA
CBB
CBB
BAA
BBB
CBB
CCC
987
976
BA9
A97
AAA
BBA
CCC
EEE
FEE
EEE
BAA
BA9
877
889
778
000
000
000
000
000
000
000
000
000
000
000
000
000
000
000
000
000
000
000
000
000
000
000
000
000
000
EEF
AAA
BBA
EEE
ABD
ABD
AAB
ABC
BA9
BA8
BA8
BA8
CCD
99A
CCC
EDD
DDC
BAA
CBB
DCC
CCC
EDD
DDC
A98
986
A98
A98
EEE
EEE
EEE
BBA
CBB
DCB
BBA
BA9
888
889
889
000
000
000
000
000
000
000
000
000
000
000
000
000
000
000
000
000
000
000
000
000
000
000
000
000
000
CDD
BCD
BCD
EDD
BBC
ABC
ABC
AAC
BA9
CB9
B98
000
000
000
000
000
ABC
DDD
DDD
CCC
CCC
DDD
DDD
BA8
876
CBA
A98
CBB
345
345
567
578
DDD
CBA
BAA
888
999
889
000
000
000
000
000
000
000
000
000
000
000
000
000
000
000
000
000
000
000
000
000
000
000
000
000
000
DEE
DDD
888
CCD
EEF
BCE
BCD
BCD
BA9
BA8
A97
000
000
000
000
000
EDD
DDD
EEE
DDD
CBB
DDC
EDD
BA8
765
BA9
A98
BBA
457
567
788
578
DCC
CBA
BAA
988
99A
89A
000
000
000
000
000
000
000
000
000
000
000
000
000
000
000
000
000
000
000
000
000
000
000
000
000
000
DDC
ABB
B87
CBB
ACC
BBC
333
BCD
BA9
BA9
A97
000
000
000
000
000
DDE
DDD
CCC
AAA
BBC
999
89B
BA9
875
987
BA9
BA9
CCC
976
A76
987
DCC
BBA
BBA
989
99A
99A
000
000
000
000
000
000
000
000
000
000
000
000
000
000
000
000
000
000
000
000
000
000
000
000
000
000
AAA
BCC
222
BAA
DCC
CBA
866
C98
BA9
B98
BA8
000
000
000
000
000
DDD
222
ACA
888
9AA
887
222
BA9
764
BA9
876
AA9
BBC
865
754
876
CCB
CBA
BAA
999
A9A
99A
000
000
000
000
000
000
000
000
000
000
000
000
000
000
999
466
478
579
379
666
655
887
AAA
778
666
CCD
999
433
444
BBB
645
623
333
BA9
987
987
B98
000
000
000
000
000
DDE
321
ABD
AAB
B86
332
965
BA8
765
987
877
332
AAB
754
754
754
CCB
CBA
BBA
999
AAB
99A
000
000
000
000
000
000
000
000
000
000
000
000
000
000
AA9
058
27A
48A
379
666
655
988
AAA
777
555
CCC
998
222
112
235
233
122
222
222
986
986
986
000
000
000
000
000
321
333
433
CCD
AAA
432
333
BA9
875
A98
BA9
A99
776
532
433
333
CCB
BAA
BA9
988
AAB
9AB
000
000
000
000
000
000
000
000
000
000
000
000
000
000
888
AA9
BBA
AA9
998
665
554
998
999
777
665
CCC
888
222
111
112
333
222
433
333
665
A87
A97
000
000
000
000
000
210
222
222
555
988
777
111
A98
765
876
223
223
666
322
443
554
CBB
BAA
BA9
988
AAB
99B
000
000
000
000
000
000
000
000
000
000
000
000
000
000
AA9
888
988
AA9
BAA
666
544
A99
888
666
665
BBB
777
222
111
122
233
222
111
777
543
986
A97
000
000
000
000
000
210
333
444
333
887
555
222
A98
764
222
C98
A77
223
467
778
344
CBA
BA9
BA9
988
AAB
99A
000
000
000
000
000
000
000
000
000
000
000
000
000
000
A99
A99
BBA
BBA
AA9
666
544
A99
666
677
655
999
887
888
455
9AD
223
112
111
222
543
875
A97
000
000
000
000
000
654
222
111
222
655
888
222
987
865
554
122
222
222
567
677
333
BBA
BA9
BA9
988
99A
99A
000
000
000
000
000
000
000
000
000
000
000
000
000
000
999
887
998
998
AAA
665
544
AA9
334
78A
BBB
544
AAA
347
334
AAC
222
222
111
222
543
976
A97
000
000
000
000
000
221
333
9AB
112
998
AA9
222
BA8
876
876
332
444
111
345
566
555
BA9
BA9
BA9
989
99A
99A
000
000
000
000
000
000
000
000
000
000
000
000
000
000
887
887
A99
AA9
AA9
555
544
777
444
556
555
211
998
988
233
DDD
222
222
112
222
654
A98
A98
000
000
000
000
000
BBC
334
533
543
BA9
111
111
432
765
776
333
111
344
122
567
555
BA9
BA9
BA9
989
99A
99A
000
000
000
000
000
000
000
000
000
000
000
000
000
000
998
877
AA9
AA9
999
554
544
999
667
777
776
BA9
CBA
BBB
333
DDE
322
CCC
433
999
553
987
A87
000
000
000
000
000
99A
888
432
221
111
CA9
222
876
654
877
433
111
998
776
676
544
BAA
AA9
A98
988
99A
889
000
000
000
000
000
000
000
000
000
000
000
000
000
000
998
999
988
987
876
544
444
334
777
766
CBA
CBA
CBA
233
111
AAC
222
CCC
544
222
553
986
A98
000
000
000
000
000
765
776
BA9
433
221
332
211
987
665
766
666
444
A98
A97
A87
321
222
988
A99
99A
99A
889
000
000
000
000
000
000
000
000
000
000
000
000
000
000
333
443
655
776
887
544
544
DCC
776
BA8
CBA
CBA
CBA
233
333
CCD
323
BBC
443
222
654
BA9
BA9
000
000
000
000
000
443
A98
B98
222
A98
BA9
444
554
776
555
656
221
A98
443
554
544
AA9
333
222
334
223
223
000
000
000
000
000
000
000
000
000
000
000
000
000
000
333
332
443
444
443
443
543
655
BA8
CB9
CBA
CBA
BBA
234
112
433
334
333
000
000
000
000
000
000
000
000
000
000
987
654
765
766
AA9
988
654
333
222
111
222
222
AAA
987
A98
A98
B98
987
987
765
766
666
000
000
000
000
000
000
000
000
000
000
000
000
000
000
443
444
554
554
443
443
544
322
765
BA9
BBA
988
877
443
433
222
556
444
000
000
000
000
000
000
000
000
000
000
B98
A98
A98
988
988
BA9
987
333
987
A97
432
332
222
A98
A98
A98
A98
987
987
987
876
877
000
000
000
000
000
000
000
000
000
000
000
000
000
000
444
443
554
444
443
443
544
554
AA9
BA9
BBA
CBA
BA9
987
876
AA9
AAA
432
000
000
000
000
000
000
000
000
000
000
A98
BA9
A98
987
A98
A98
987
222
986
A98
A98
976
443
766
766
A98
BA9
BA8
A87
987
A98
877
000
000
000
000
000
000
000
000
000
000
000
000
000
000
887
766
443
444
443
433
443
A98
BA9
CB9
BA9
AA9
CBA
BA8
BA8
BA9
BA9
A98
000
000
000
000
000
000
000
000
000
000
BA8
CB9
BA9
BA9
BA9
DCB
CB9
986
332
876
987
987
987
A98
544
765
654
A87
BA8
A98
987
876
000
000
000
000
000
000
000
000
000
000
000
000
000
000
444
556
333
443
433
433
443
A98
CBA
BA9
CBA
BBA
A99
CBA
BA8
CBA
BA9
A98
000
000
000
000
000
000
000
000
000
000
CB9
CBA
DCB
CA9
CBA
CCB
CB9
B98
BA8
BA9
A98
A98
987
A87
A98
BA9
544
876
544
987
876
987
000
000
000
000
000
000
000
000
000
000
000
000
000
000
444
556
443
443
443
433
433
BA9
A98
BA9
CBA
BAA
A99
AA9
987
CB9
BA9
BA9
A98
876
A98
CB9
BA8
554
655
655
B98
BA9
BA9
CBA
BA9
CBA
CB9
DCB
BA9
976
CB9
BA9
987
A97
BA9
A97
A98
987
A87
987
444
987
443
765
000
000
000
000
000
000
000
000
000
000
000
000
000
000
356
445
443
443
443
332
433
A97
BA9
BBA
BBA
BAA
BA9
CBA
BA8
BA9
A97
CBA
BA9
987
BA9
B98
BA9
544
DCA
655
BA9
987
CBA
CBA
CBA
BA9
CB9
987
CA9
B98
BA8
A97
A98
986
987
876
CBA
BA9
A98
865
A87
876
444
876
000
000
000
000
000
000
000
000
000
000
000
000
000
000
232
445
443
443
543
332
433
876
BA9
A98
CBA
BA9
AAA
BA9
987
DCA
CBA
CB9
A98
BA8
A87
BA8
CBA
554
554
654
655
CB9
DCA
DCA
CBA
CB9
BA9
BA9
B98
A97
A97
BA8
986
A97
976
BA8
987
A98
A98
976
876
765
876
765
000
000
000
000
000
000
000
000
000
000
000
000
000
000
345
455
443
443
543
322
433
997
BA9
A98
BBA
BAA
AA9
A98
BA9
A98
BA9
A98
A98
CBA
A98
DCA
DCA
CBA
654
CBA
554
654
A98
BA9
A98
987
A97
987
865
A97
BA8
986
986
987
B98
BA8
987
987
BA9
A97
986
876
876
876
000
000
000
000
000
000
000
000
000
000
000
000
000
000
245
345
443
433
543
322
433
987
BA9
998
CCB
998
A99
BA9
CBA
987
986
875
CB9
CBA
BA8
A97
BA8
B98
554
544
654
654
BA9
A98
986
A97
CB9
987
764
876
CA9
A97
986
986
BA9
A98
987
A98
987
A98
765
765
765
654
000
000
000
000
000
000
000
000
000
000
000
000
000
000
244
556
443
443
553
322
433
A98
A98
BBA
CCB
BA9
987
A98
876
A98
A97
A97
BA9
BA8
CBA
BA8
DCB
A98
543
544
CB9
544
544
CBA
BA9
976
A97
A98
754
764
876
A87
CB9
A98
A98
A98
987
987
A97
876
976
765
987
765
000
000
000
000
000
000
000
000
000
000
000
000
000
000
233
445
333
443
553
332
433
765
AA9
BBA
BA9
A98
987
A97
A98
BA8
A98
A87
BA8
A97
A98
CA9
CBA
987
B98
543
554
876
544
BA9
A98
BA8
A98
BA9
A97
976
987
875
BA9
CB9
A97
A98
A97
876
987
876
987
987
765
765
000
000
000
000
000
000
000
000
000
000
000
000
000
000
233
445
333
333
543
332
433
887
987
BBA
BA9
A98
A97
A98
A98
BA9
A98
BA8
BA9
BA9
987
A97
987
A98
A98
544
443
B98
443
443
987
BA9
BA9
A87
876
986
A98
B98
BA8
876
A98
A98
A98
A97
987
876
987
765
765
765
000
000
000
000
000
000
000
000
000
000
000
000
000
000
234
344
333
333
543
432
433
765
998
CBA
AA9
A98
A98
A97
987
CB9
987
986
CA9
876
987
A97
BA9
BA9
986
987
443
543
987
444
543
875
BA8
987
986
A98
754
A97
876
A98
A98
A97
987
986
765
986
A98
654
654
987
000
000
000
000
000
000
000
