000
000
000
000
000
000
000
000
000
000
000
000
000
000
000
000
000
000
000
000
000
000
000
000
000
000
000
000
000
000
000
000
000
000
000
000
000
000
000
000
000
000
000
000
000
000
000
000
000
000
000
000
000
000
000
000
000
000
000
000
000
000
000
000
000
000
000
000
000
000
000
000
000
000
000
000
000
000
000
000
000
000
000
000
000
000
000
000
000
000
000
000
000
000
000
000
000
000
000
000
000
000
000
000
000
000
000
000
000
000
000
000
000
000
000
000
000
000
000
000
000
000
000
000
000
000
000
000
000
000
000
000
000
000
000
000
610
FFF
FFF
000
B10
FFF
A00
000
B00
C88
C88
B87
900
000
B10
FFF
A11
000
FFE
FFF
100
000
000
FFE
FFF
100
000
000
000
FFE
FFF
FFF
B10
000
000
910
B77
B87
B00
000
F99
FFF
FFF
FFF
FFF
100
000
000
000
000
000
000
000
000
000
000
000
000
000
000
000
000
000
000
610
FFF
FFF
000
B00
FFF
B00
B00
FFF
FDC
B00
B00
FFF
B22
B10
FFF
A10
000
FFF
FFF
100
000
000
FFF
FFF
100
000
000
B10
FFF
B00
B11
FFF
B21
B00
FFF
B00
B11
FFF
200
DA9
FFF
B00
B00
B00
100
000
000
000
000
000
000
000
000
000
000
000
000
000
000
000
000
000
000
610
810
FFF
B00
B00
FFF
B00
B00
FFF
FDD
B00
B00
FFF
B22
B00
FFF
A10
000
FFF
FFF
100
000
000
FFF
FFF
100
000
000
B00
FFF
B00
B10
FFF
B00
B00
FFF
B00
B00
B00
200
DA9
FFF
B00
B00
B10
100
000
000
000
000
000
000
000
000
000
000
000
000
000
000
000
000
000
000
510
B00
711
B00
FFF
B00
B00
B00
FFF
FDD
000
B00
FFF
B22
B00
FFF
A10
000
FFF
FFF
100
000
000
FFF
FFF
100
000
000
B00
FFF
B00
B10
FFF
B00
B00
910
FFF
FFF
B00
100
EAA
FFF
FFF
FFF
822
000
000
000
000
000
000
000
000
000
000
000
000
000
000
000
000
000
000
000
000
B00
B00
FFF
B00
B00
000
B00
FFF
FDC
000
B00
FFF
B22
B00
FFF
A10
000
FFF
FFF
100
000
000
FFF
FFF
100
000
000
B00
FFF
B00
B10
FFF
B00
B00
B00
B10
FFF
FDD
200
DA9
FFF
B00
B00
822
000
000
000
000
000
000
000
000
000
000
000
000
000
000
000
000
000
000
000
000
000
000
FFF
B00
000
000
B00
FFF
FDC
A21
B00
FFF
B22
B10
FFF
A10
710
FFF
FFF
100
000
000
FFF
FFF
711
611
611
B00
FFF
B00
B10
FFF
B00
A10
FFF
B00
A11
FFF
200
DA9
FFF
B00
B00
832
000
000
000
000
000
000
000
000
000
000
000
000
000
000
000
000
000
000
000
000
000
000
FFF
B00
000
000
B00
B00
FFF
FFF
FFF
910
B22
B10
B00
FFF
FFF
FFF
B00
100
000
000
FFF
FFF
FFF
FFF
C00
B00
FFF
FFF
FFF
B00
B00
A10
711
FFF
FFF
B00
200
EA9
FFF
FFF
FFF
FFF
100
000
000
000
000
000
000
000
000
000
000
000
000
000
000
000
000
000
000
000
000
000
B00
B00
000
000
000
B00
B00
B00
B00
B10
B22
B10
B00
B00
B00
B00
B00
100
000
000
B00
B00
200
B21
B00
B00
B00
B00
B00
B00
000
A10
B00
B00
B00
B00
200
B00
B00
B00
B00
B00
100
000
000
000
000
000
000
000
000
000
000
000
000
000
000
000
000
000
000
000
000
000
100
200
000
000
000
000
000
000
000
000
000
000
000
000
000
000
000
300
300
200
200
200
510
200
200
200
200
200
100
100
000
000
100
000
000
000
000
000
100
100
100
100
000
000
000
000
000
000
000
000
000
000
000
000
000
000
000
000
000
000
000
000
000
000
000
000
000
000
000
000
000
000
000
000
000
000
000
000
621
931
A41
720
721
721
721
200
200
510
200
510
510
510
611
621
200
000
000
000
000
000
000
000
000
000
000
000
000
000
000
000
000
000
000
000
000
000
000
000
000
000
000
000
000
000
000
000
000
000
000
000
000
000
000
000
000
000
000
000
000
000
000
300
C53
721
720
B41
721
721
721
720
721
510
510
510
510
510
720
711
C41
200
000
000
000
000
000
000
000
000
000
000
000
000
000
000
000
000
000
000
000
000
000
000
000
000
000
000
000
000
000
000
000
000
000
000
000
000
000
000
000
000
000
000
000
000
300
C41
621
610
C41
C41
721
720
721
720
721
510
721
721
510
510
721
720
C41
C42
000
000
000
000
000
000
000
000
000
000
000
000
000
000
000
000
000
000
000
000
000
000
000
000
000
000
000
000
000
000
000
000
000
000
000
000
000
000
000
000
000
200
000
000
300
721
620
300
720
720
721
300
B41
C41
710
200
710
720
B41
510
610
C41
C41
721
000
000
000
000
000
000
000
000
000
000
000
000
000
000
000
000
000
000
000
000
000
000
000
000
000
000
000
000
000
000
000
000
000
000
000
000
000
000
000
000
000
200
200
200
710
710
200
610
611
200
200
720
721
620
621
200
200
711
931
510
200
610
610
720
200
000
000
000
000
000
000
000
000
000
000
000
000
000
000
000
000
000
000
000
000
000
000
000
000
000
000
000
000
000
000
000
000
000
000
000
000
000
000
000
000
000
100
410
300
510
511
521
200
622
610
100
200
610
200
C97
B85
200
510
611
722
410
511
510
511
100
100
200
000
000
000
000
000
000
000
000
000
000
000
000
000
000
000
000
000
000
000
000
000
000
000
000
000
000
000
000
000
000
000
000
000
000
000
C73
FD9
FD9
FD9
D83
200
200
410
200
200
200
200
000
510
410
200
FD9
EB8
D94
200
510
510
410
510
510
610
610
200
000
000
000
000
000
000
000
000
000
000
000
000
000
000
000
000
000
000
000
000
000
000
000
000
000
000
000
000
000
000
000
000
000
000
000
000
D83
FDA
FDA
FDA
FB7
200
410
410
200
200
200
000
200
200
100
EA5
EA5
000
000
FD9
200
200
200
410
410
200
200
000
000
000
000
000
000
000
000
000
000
000
000
000
000
000
000
000
000
000
000
000
000
000
000
000
000
000
000
000
000
000
000
000
000
000
000
000
D83
FDA
FDA
FDA
FB7
200
200
200
DC9
000
000
000
EB7
EA6
EA5
EA5
FDA
ED9
000
000
000
EA5
DA6
200
100
200
000
000
000
000
000
000
000
000
000
000
000
000
000
000
000
000
000
000
000
000
000
000
000
000
000
000
000
000
000
000
000
000
000
000
000
000
000
000
D73
FB7
FB7
FB7
FB6
100
200
000
000
000
000
000
000
000
EA5
EA6
000
000
000
000
000
000
000
200
200
200
000
000
000
000
000
000
000
000
000
000
000
000
000
000
000
000
000
000
000
000
000
000
000
000
000
000
000
000
000
000
000
000
000
000
000
000
000
000
000
E96
E96
D96
EA6
FD9
D95
000
000
FFF
FFF
FFF
FFF
000
FD9
FD9
000
FFF
FFF
FFF
FFF
000
000
FDA
100
D95
000
000
000
000
000
000
000
000
000
000
000
000
000
000
000
000
000
000
000
000
000
000
000
000
000
000
000
000
000
000
000
000
000
000
000
000
000
000
000
001
103
114
103
002
D95
000
000
FFF
FFF
FFF
FFF
000
000
000
000
FFF
FFF
FFF
FFF
000
000
FD9
000
D95
000
000
000
000
000
000
000
000
000
000
000
000
000
000
000
000
000
000
000
000
000
000
000
000
000
000
000
000
000
000
000
000
000
000
000
000
000
000
000
002
114
114
114
103
001
FC8
000
FFF
FFF
000
000
000
FDA
FDA
000
000
000
FFF
FFF
000
FDA
FDA
C84
000
000
000
000
000
000
000
000
000
000
000
000
000
000
000
000
000
000
000
000
000
000
000
000
000
000
000
000
000
000
000
000
000
000
000
000
000
000
000
000
002
114
114
114
114
112
102
FEC
000
000
000
FC8
FDA
FDA
FDA
FDA
EC9
000
000
000
FB8
FDA
FDA
A87
000
000
000
000
000
000
000
000
000
000
000
000
000
000
000
000
000
000
000
000
000
000
000
000
000
000
000
000
000
000
000
000
000
000
000
000
000
000
000
000
002
103
114
114
114
103
002
FC8
FC8
FC8
FC9
FDA
FDA
FDA
FDA
FDA
FDA
FC8
FB8
FB8
FC8
FDA
D84
000
000
000
000
000
000
000
000
000
000
000
000
000
000
000
000
000
000
000
000
000
000
000
000
000
000
000
000
000
000
000
000
000
000
000
000
000
000
000
000
000
000
002
114
114
114
114
103
001
FC8
FC8
FDA
BB9
210
210
210
210
EDA
FDA
FC8
FC8
FC8
FDA
C83
000
000
000
000
000
000
000
000
000
000
000
000
000
000
000
000
000
000
000
000
000
000
000
000
000
000
000
000
000
000
000
000
000
000
000
000
000
000
000
000
000
000
002
224
114
114
114
114
102
FFE
FDA
FDA
200
FDA
FDA
FDA
FDA
100
FDA
FDA
FFB
FEA
EC9
000
000
000
000
000
000
000
000
000
000
000
000
000
000
000
000
000
000
000
000
000
000
000
000
000
000
000
000
000
000
000
000
000
000
000
000
000
000
000
000
000
000
000
000
113
114
114
114
114
114
103
600
600
D73
D83
D83
D83
D83
D83
C83
D83
100
001
000
000
000
000
000
000
000
000
000
000
000
000
000
000
000
000
000
000
000
000
000
000
000
000
000
000
000
000
000
000
000
000
000
000
000
000
000
000
000
000
000
000
000
000
000
113
113
114
114
114
114
214
700
E20
811
D73
FA5
FA5
FA5
C73
002
700
A21
002
002
001
000
000
000
000
000
000
000
000
000
000
000
000
000
000
000
000
000
000
000
000
000
000
000
000
000
000
000
000
000
000
000
000
000
000
000
000
000
000
000
000
000
000
000
102
102
113
114
114
114
113
700
F20
811
102
214
102
214
103
002
700
B21
114
114
114
001
000
000
000
000
000
000
000
000
000
000
000
000
000
000
000
000
000
000
000
000
000
000
000
000
000
000
000
000
000
000
000
000
000
000
000
000
000
000
000
000
000
000
000
002
113
113
114
114
103
700
F20
812
103
214
203
214
102
103
700
B11
114
114
114
214
000
000
000
000
000
000
000
000
000
000
000
000
000
000
000
000
000
000
000
000
000
000
000
000
000
000
000
000
000
000
000
000
000
000
000
000
000
000
000
000
000
000
000
000
002
103
113
113
103
700
F20
812
213
B53
C53
C53
214
114
700
A11
114
114
114
114
001
000
000
000
000
000
000
000
000
000
000
000
000
000
000
000
000
000
000
000
000
000
000
000
000
000
000
000
000
000
000
000
000
000
000
000
000
000
000
000
000
000
000
000
000
000
001
002
103
700
F20
800
001
002
001
002
001
A43
502
E32
722
113
114
114
002
000
000
000
000
000
000
000
000
000
000
000
000
000
000
000
000
000
000
000
000
000
000
000
000
000
000
000
000
000
000
000
000
000
000
000
000
000
000
000
000
000
000
000
000
000
000
000
113
800
F20
811
001
002
C30
C20
002
113
810
810
910
910
113
114
114
001
000
000
000
000
000
000
000
000
000
000
000
000
000
000
000
000
000
000
000
000
000
000
000
000
000
000
000
000
000
000
000
000
000
000
000
000
000
000
000
000
000
000
000
000
000
000
113
800
810
100
001
002
D30
114
002
C30
810
F32
900
910
002
114
114
001
000
000
000
000
000
000
000
000
000
000
000
000
000
000
000
000
000
000
000
000
000
000
000
000
000
000
000
000
000
000
000
000
000
000
000
000
000
000
000
000
000
000
000
000
000
000
700
E20
910
101
002
001
C30
C30
001
C30
910
E31
800
900
002
114
114
001
000
000
000
000
000
000
000
000
000
000
000
000
000
000
000
000
000
000
000
000
000
000
000
000
000
000
000
000
000
000
000
000
000
000
000
000
000
000
000
000
000
000
000
000
000
600
700
E21
911
114
001
002
001
001
001
103
910
E31
910
213
214
214
114
001
000
000
000
000
000
000
000
000
000
000
000
000
000
000
000
000
000
000
000
000
000
000
000
000
000
000
000
000
000
000
000
000
000
000
000
000
000
000
000
000
000
000
000
000
000
100
202
203
114
114
002
002
002
001
002
B73
C73
100
214
224
214
114
114
001
000
000
000
000
000
000
000
000
000
000
000
000
000
000
000
000
000
000
000
000
000
000
000
000
000
000
000
000
000
000
000
000
000
000
000
000
000
000
000
000
000
000
000
000
000
000
113
114
114
114
114
C30
114
B31
C73
FDA
FDA
000
214
214
214
114
002
000
000
000
000
000
000
000
000
000
000
000
000
000
000
000
000
000
000
000
000
000
000
000
000
000
000
000
000
000
000
000
000
000
000
000
000
000
000
000
000
000
000
000
000
000
000
000
113
113
113
103
113
103
113
113
C73
FB7
FC7
000
214
214
214
224
000
000
000
000
000
000
000
000
000
000
000
000
000
000
000
000
000
000
000
000
000
000
000
000
000
000
000
000
000
000
000
000
000
000
000
000
000
000
000
000
000
000
000
000
000
000
000
000
002
002
002
002
002
002
002
002
C73
FDA
FDA
000
214
214
214
001
000
000
000
000
000
000
000
000
000
000
000
000
000
000
000
000
000
000
000
000
000
000
000
000
000
000
000
000
000
000
000
000
000
000
000
000
000
000
000
000
000
000
000
000
000
000
000
000
002
102
113
102
112
113
102
113
C73
EA5
E95
100
102
112
001
000
000
000
000
000
000
000
000
000
000
000
000
000
000
000
000
000
000
000
000
000
000
000
000
000
000
000
000
000
000
000
000
000
000
000
000
000
000
000
000
000
000
000
000
000
000
000
000
000
000
000
000
000
000
000
000
000
000
000
000
000
000
000
000
000
000
000
000
000
000
000
000
000
000
000
000
000
000
000
000
000
000
000
000
000
000
000
000
000
000
000
000
000
000
000
000
000
000
000
000
000
000
000
000
000
000
000
000
000
000
000
000
000
000
000
000
000
000
000
000
000
000
000
000
000
000
000
000
000
000
000
000
000
000
000
000
000
000
000
000
000
000
000
000
000
000
000
000
000
000
000
000
000
000
000
000
000
000
000
000
000
000
000
000
000
000
000
000
000
000
000
000
000
000
000
000
000
000
000
000
000
000
000
000
000
000
000
000
000
000
000
000
000
000
000
000
000
000
000
000
000
000
000
000
000
000
000
000
000
000
000
000
000
000
000
000
000
000
000
000
000
000
000
000
000
000
000
000
000
000
000
000
000
000
000
000
000
000
000
000
000
000
000
000
000
000
000
000
000
000
000
000
000
000
000
000
000
000
000
000
000
000
000
000
000
000
000
000
000
000
000
000
000
000
000
000
000
000
000
000
000
000
000
000
000
000
000
000
000
000
000
000
000
000
000
000
000
000
000
000
000
000
000
000
000
000
000
000
000
000
000
000
000
000
000
000
000
000
000
000
000
000
000
000
000
000
000
000
000
000
000
000
000
000
000
000
000
000
000
000
000
000
