000
000
000
000
000
000
000
000
000
000
000
000
000
000
000
000
000
000
000
000
000
000
000
000
000
000
000
000
000
000
000
000
000
000
000
000
000
000
000
000
000
000
000
000
000
000
000
000
000
000
000
000
000
000
000
000
000
000
000
000
000
000
000
000
000
000
000
000
000
000
000
000
000
000
000
000
000
000
000
000
000
000
000
000
000
000
000
000
000
000
000
000
000
000
000
000
000
000
000
000
000
000
000
000
000
000
000
000
000
000
000
000
000
000
000
000
000
000
000
000
000
000
000
000
000
000
000
000
000
000
000
000
000
000
000
000
53A
FFF
FFF
000
42A
FFF
52A
000
52A
FFF
FFF
FFF
439
327
439
FFF
FFF
000
53A
FFF
105
000
000
53A
FFF
54A
000
000
214
FFF
FFF
000
FFF
FFF
FFF
FFF
539
FFF
75B
549
000
FFF
FFE
447
52A
FFF
75B
000
000
000
000
000
000
000
000
000
000
000
000
000
000
000
000
000
539
FFF
FFF
000
42A
FFF
53A
53A
FFF
FFF
53A
54A
FFF
429
439
FFF
FFF
000
53A
FFF
105
000
000
53A
FFF
64A
000
000
214
FFF
FFF
000
53A
429
FFF
53A
53A
FFF
FFF
43A
000
FFF
FFF
547
52A
FFF
65B
000
000
000
000
000
000
000
000
000
000
000
000
000
000
000
000
000
539
FFF
FFF
53A
42A
FFF
53A
53A
FFF
FFF
53A
64A
FFF
429
429
FFF
FFF
000
53A
FFF
105
000
000
53A
FFF
64A
53A
FFF
214
FFF
FFF
000
53A
42A
FFF
53A
53A
FFF
FFF
FFF
52A
FFF
FFF
437
53A
FFF
65B
000
000
000
000
000
000
000
000
000
000
000
000
000
000
000
000
000
439
64B
FFF
54B
FFF
EDF
52A
43A
FFF
FFF
000
64A
FFF
429
429
FFF
FFF
000
53A
FFF
105
000
000
53A
FFF
64A
FFF
FFF
BAD
FFF
FFF
000
000
429
FFF
53A
000
FFF
FFF
548
FFF
FFF
FFF
547
53A
FFF
65B
000
000
000
000
000
000
000
000
000
000
000
000
000
000
000
000
000
000
53A
75B
FFF
64B
53A
000
53A
FFF
FFF
000
54A
FFF
429
439
FFF
FFF
000
53A
FFF
105
000
000
53A
FFF
FFE
FFF
64A
FFF
FFF
FFF
000
000
429
FFF
53A
000
FFF
FFF
53A
FFF
FFF
FFF
548
53A
A9C
54A
000
000
000
000
000
000
000
000
000
000
000
000
000
000
000
000
000
000
000
53A
FFF
53A
548
000
439
FFE
FFF
53A
64A
FFF
429
439
FFF
FFF
53A
529
FFF
105
000
000
53A
004
FFF
52A
53A
FFF
FFF
53A
000
539
42A
FFF
429
53A
FFF
FFF
53A
52A
FFF
FFF
547
52A
64A
52A
000
000
000
000
000
000
000
000
000
000
000
000
000
000
000
000
000
000
000
539
FFF
53A
000
000
439
52A
FFF
FFF
FFF
53A
429
429
53A
FFF
FFF
FFF
FFF
53A
000
000
001
004
439
53A
53A
52A
FFF
52A
000
FFF
FFF
FFF
FFF
439
FFF
FFF
64A
53A
52A
FFF
547
53A
FFF
75B
000
000
000
000
000
000
000
000
000
000
000
000
000
000
000
000
000
000
000
54A
53A
53A
000
000
000
53A
53A
53A
53A
52A
428
001
53A
52A
53A
53A
52A
000
000
000
000
53A
52A
53A
000
529
53A
52A
000
53A
53A
53A
53A
53A
53A
53A
64A
000
53A
53A
547
53A
53A
52A
000
000
000
000
000
000
000
000
000
000
000
000
000
000
000
000
000
000
000
000
000
000
000
000
000
000
000
000
000
000
000
000
000
000
000
100
410
410
410
000
000
000
410
410
410
410
410
410
410
000
000
000
000
000
000
000
000
000
000
000
000
000
000
000
000
000
000
000
000
000
000
000
000
000
000
000
000
000
000
000
000
000
000
000
000
000
000
000
000
000
000
000
000
000
000
000
000
000
410
410
941
941
941
410
410
410
830
830
830
830
941
941
941
421
000
000
000
000
000
000
000
000
000
000
000
000
000
000
000
000
000
000
000
000
000
000
000
000
000
000
000
000
000
000
000
000
000
000
000
000
000
000
000
000
000
000
000
000
000
000
410
410
C74
D84
941
941
930
930
941
830
830
830
941
941
830
941
941
D84
410
000
000
000
000
000
000
000
000
000
000
000
000
000
000
000
000
000
000
000
000
000
000
000
000
000
000
000
000
000
000
000
000
000
000
000
000
000
000
000
000
000
000
000
000
000
410
D84
941
941
930
D85
930
930
D84
941
830
830
941
D84
410
930
941
D84
D85
410
000
000
000
410
000
000
000
000
000
000
000
000
000
000
000
000
000
000
000
000
000
000
000
000
000
000
000
000
000
000
000
000
000
000
000
000
000
000
000
000
000
410
000
421
410
941
410
830
410
941
930
410
D84
830
830
410
830
E96
410
830
941
C74
942
D84
410
000
000
410
000
000
000
000
000
000
000
000
000
000
000
000
000
000
000
000
000
000
000
000
000
000
000
000
000
000
000
000
000
000
000
000
000
000
000
000
000
410
310
310
941
941
410
410
B75
830
410
410
941
941
830
410
830
941
410
830
820
931
941
941
941
200
410
420
000
000
000
000
000
000
000
000
000
000
000
000
000
000
000
000
000
000
000
000
000
000
000
000
000
000
000
000
000
000
000
000
000
000
000
C84
C84
B84
941
830
830
830
830
400
831
410
EB7
410
941
830
410
EB7
410
410
830
830
410
830
830
941
941
831
000
000
000
000
000
000
000
000
000
000
000
000
000
000
000
000
000
000
000
000
000
000
000
000
000
000
000
000
000
000
000
000
000
000
000
000
A73
FDA
FDA
FDA
C85
830
830
830
830
410
410
FB6
410
941
830
410
410
FB6
FB6
FB6
000
000
EA5
410
830
830
830
410
000
000
000
000
000
000
000
000
000
000
000
000
000
000
000
000
000
000
000
000
000
000
000
000
000
000
000
000
000
000
000
000
000
000
000
000
A73
FDA
FDA
FDA
EA6
410
830
410
410
CB9
410
410
830
830
400
410
FB6
FB6
000
000
000
000
000
300
410
930
830
410
000
000
000
000
000
000
000
000
000
000
000
000
000
000
000
000
000
000
000
000
000
000
000
000
000
000
000
000
000
000
000
000
000
000
000
000
A73
FDA
FDA
FC8
EA6
000
410
410
EB7
000
310
410
410
410
000
EB6
EB7
000
000
000
000
000
000
CA7
410
310
410
000
000
000
000
000
000
000
000
000
000
000
000
000
000
000
000
000
000
000
000
000
000
000
000
000
000
000
000
000
000
000
000
000
000
000
000
000
000
D95
C95
C94
C95
D94
FC7
000
000
000
FFF
BEF
FFF
FFF
000
000
000
000
FFF
BEF
CEE
FFF
000
000
000
FC7
D94
000
000
000
000
000
000
000
000
000
000
000
000
000
000
000
000
000
000
000
000
000
000
000
000
000
000
000
000
000
000
000
000
000
000
000
000
000
000
226
114
226
003
D94
FC8
D95
FDA
000
FFF
FFF
BEF
FFF
000
FDA
FDA
000
FFF
FFF
BFF
FFF
000
FEB
D95
EC7
D94
000
000
000
000
000
000
000
000
000
000
000
000
000
000
000
000
000
000
000
000
000
000
000
000
000
000
000
000
000
000
000
000
000
000
000
000
000
000
114
114
114
003
D95
FC8
D95
FEA
000
000
FFF
CEF
000
000
FEA
FDA
000
000
FFF
CEF
000
000
FEB
D95
FB8
C84
000
000
000
000
000
000
000
000
000
000
000
000
000
000
000
000
000
000
000
000
000
000
000
000
000
000
000
000
000
000
000
000
000
000
000
000
000
000
225
226
226
226
003
DA7
C95
FDA
000
000
000
000
000
000
FDB
FEA
000
000
000
000
000
000
FEC
C95
EB8
000
000
000
000
000
000
000
000
000
000
000
000
000
000
000
000
000
000
000
000
000
000
000
000
000
000
000
000
000
000
000
000
000
000
000
000
000
000
000
003
226
226
226
225
102
000
B84
FDA
FDA
FDA
FDB
FDB
FEA
FEA
FDA
FEA
FEB
FDB
FDA
FDA
EDA
B84
000
000
000
000
000
000
000
000
000
000
000
000
000
000
000
000
000
000
000
000
000
000
000
000
000
000
000
000
000
000
000
000
000
000
000
000
000
000
000
000
000
003
226
226
226
226
003
000
D95
FD9
FD9
FD9
FEA
FEA
FEA
FDA
FEA
FEA
FEA
FEA
FC9
FD9
FD9
B84
000
000
000
000
000
000
000
000
000
000
000
000
000
000
000
000
000
000
000
000
000
000
000
000
000
000
000
000
000
000
000
000
000
000
000
000
000
000
000
000
000
003
226
226
226
226
226
002
000
C84
FDA
FEA
FEA
FEA
FEA
FEA
FEA
FEA
FEA
FEA
FEA
FDA
FDB
000
000
000
000
000
000
000
000
000
000
000
000
000
000
000
000
000
000
000
000
000
000
000
000
000
000
000
000
000
000
000
000
000
000
000
000
000
000
000
000
000
000
000
003
225
226
226
226
336
000
000
DB8
FEB
FEB
FEA
FEB
FEB
FEB
FEA
FEA
FEB
FEB
DB8
DA7
000
000
000
000
000
000
000
000
000
000
000
000
000
000
000
000
000
000
000
000
000
000
000
000
000
000
000
000
000
000
000
000
000
000
000
000
000
000
000
000
000
000
000
003
114
115
226
226
226
226
225
003
610
610
002
D95
FC7
FC7
FD8
102
002
610
510
002
000
000
000
000
000
000
000
000
000
000
000
000
000
000
000
000
000
000
000
000
000
000
000
000
000
000
000
000
000
000
000
000
000
000
000
000
000
000
000
000
000
000
000
000
003
115
226
226
226
226
226
511
E40
610
002
D95
FDA
FDA
FEB
003
114
F63
610
225
003
000
000
000
000
000
000
000
000
000
000
000
000
000
000
000
000
000
000
000
000
000
000
000
000
000
000
000
000
000
000
000
000
000
000
000
000
000
000
000
000
000
000
000
003
114
226
226
226
226
226
511
F51
610
114
003
003
003
003
114
226
F63
610
226
226
003
000
000
000
000
000
000
000
000
000
000
000
000
000
000
000
000
000
000
000
000
000
000
000
000
000
000
000
000
000
000
000
000
000
000
000
000
000
000
000
000
000
000
000
113
114
114
226
226
226
510
F41
610
226
101
201
100
113
226
226
F63
610
226
226
226
003
001
000
000
000
000
000
000
000
000
000
000
000
000
000
000
000
000
000
000
000
000
000
000
000
000
000
000
000
000
000
000
000
000
000
000
000
000
000
000
000
000
000
000
003
003
114
114
114
510
F41
610
003
002
002
003
002
003
226
F64
610
114
226
226
226
003
000
000
000
000
000
000
000
000
000
000
000
000
000
000
000
000
000
000
000
000
000
000
000
000
000
000
000
000
000
000
000
000
000
000
000
000
000
000
000
000
000
000
000
000
003
114
114
510
F41
510
003
003
003
003
003
003
C61
610
F41
510
114
226
226
226
000
000
000
000
000
000
000
000
000
000
000
000
000
000
000
000
000
000
000
000
000
000
000
000
000
000
000
000
000
000
000
000
000
000
000
000
000
000
000
000
000
000
000
000
000
003
003
510
E41
610
003
103
C61
C61
C61
003
225
510
510
610
610
114
226
226
000
000
000
000
000
000
000
000
000
000
000
000
000
000
000
000
000
000
000
000
000
000
000
000
000
000
000
000
000
000
000
000
000
000
000
000
000
000
000
000
000
000
000
000
000
000
000
F74
E40
511
003
003
001
003
C61
003
C61
720
720
E41
400
114
226
226
000
000
000
000
000
000
000
000
000
000
000
000
000
000
000
000
000
000
000
000
000
000
000
000
000
000
000
000
000
000
000
000
000
000
000
000
000
000
000
000
000
000
000
000
000
000
000
F64
610
226
003
003
C61
D61
C60
003
215
720
720
E41
200
226
226
226
000
000
000
000
000
000
000
000
000
000
000
000
000
000
000
000
000
000
000
000
000
000
000
000
000
000
000
000
000
000
000
000
000
000
000
000
000
000
000
000
000
000
000
000
000
000
510
E41
510
B62
003
003
003
003
003
003
A40
720
720
F40
226
226
226
226
000
000
000
000
000
000
000
000
000
000
000
000
000
000
000
000
000
000
000
000
000
000
000
000
000
000
000
000
000
000
000
000
000
000
000
000
000
000
000
000
000
000
000
000
000
000
510
610
225
226
003
003
103
003
003
003
A63
D94
510
003
226
226
226
226
000
000
000
000
000
000
000
000
000
000
000
000
000
000
000
000
000
000
000
000
000
000
000
000
000
000
000
000
000
000
000
000
000
000
000
000
000
000
000
000
000
000
000
000
000
000
000
226
226
226
225
102
101
100
102
FD8
FC7
FDA
D85
115
226
226
226
003
000
000
000
000
000
000
000
000
000
000
000
000
000
000
000
000
000
000
000
000
000
000
000
000
000
000
000
000
000
000
000
000
000
000
000
000
000
000
000
000
000
000
000
000
000
000
000
002
003
003
003
003
003
226
213
FC7
FDA
FDA
D95
115
226
226
003
000
000
000
000
000
000
000
000
000
000
000
000
000
000
000
000
000
000
000
000
000
000
000
000
000
000
000
000
000
000
000
000
000
000
000
000
000
000
000
000
000
000
000
000
000
000
000
000
102
114
114
226
114
114
226
113
FC7
FDA
FDA
D94
115
226
003
000
000
000
000
000
000
000
000
000
000
000
000
000
000
000
000
000
000
000
000
000
000
000
000
000
000
000
000
000
000
000
000
000
000
000
000
000
000
000
000
000
000
000
000
000
000
000
000
000
211
201
201
400
410
300
300
410
FB7
FB7
FB7
D97
212
102
000
000
000
000
000
000
000
000
000
000
000
000
000
000
000
000
000
000
000
000
000
000
000
000
000
000
000
000
000
000
000
000
000
000
000
000
000
000
000
000
000
000
000
000
000
000
000
000
000
000
000
000
000
000
000
000
000
000
000
000
000
000
000
000
000
000
000
000
000
000
000
000
000
000
000
000
000
000
000
000
000
000
000
000
000
000
000
000
000
000
000
000
000
000
000
000
000
000
000
000
000
000
000
000
000
000
000
000
000
000
000
000
000
000
000
000
000
000
000
000
000
000
000
000
000
000
000
000
000
000
000
000
000
000
000
000
000
000
000
000
000
000
000
000
000
000
000
000
000
000
000
000
000
000
000
000
000
000
000
000
000
000
000
000
000
000
000
000
000
000
000
000
000
000
000
000
000
000
000
000
000
000
000
000
000
000
000
000
000
000
000
000
000
000
000
000
000
000
000
000
000
000
000
000
000
000
000
000
000
000
000
000
000
000
000
000
000
000
000
000
000
000
000
000
000
000
000
000
000
000
000
000
000
000
000
000
000
000
000
000
000
000
000
000
000
000
000
000
000
000
000
000
000
000
000
000
000
000
000
000
000
000
000
000
000
000
000
000
000
000
000
000
000
000
000
000
000
000
000
000
000
000
000
000
000
000
000
000
000
000
000
000
000
000
000
000
000
000
000
000
000
000
000
000
000
000
000
000
000
000
000
000
000
000
000
000
000
000
000
000
000
000
000
000
000
000
000
000
000
000
000
000
000
000
000
000
000
000
000
000
000
000
000
