000
000
000
000
000
100
100
100
200
210
310
310
310
410
410
410
410
410
410
410
410
410
410
410
410
410
410
410
410
410
410
410
410
310
310
310
210
200
100
100
000
000
000
000
000
000
000
000
000
000
000
000
000
100
100
200
210
310
310
310
410
410
420
410
420
410
420
420
420
420
420
410
410
420
410
420
420
420
420
420
410
410
310
310
210
210
100
100
100
000
000
000
000
000
000
000
000
000
000
000
000
100
100
200
310
310
410
410
410
520
520
520
520
520
520
520
520
520
520
520
520
520
520
520
520
520
520
520
520
410
410
310
310
210
200
100
100
000
000
000
000
000
000
000
000
000
000
000
100
100
200
310
310
410
410
520
520
520
520
520
520
520
520
520
520
520
520
520
520
520
520
520
520
520
520
520
520
520
520
410
410
310
210
200
100
100
000
000
000
000
000
000
000
000
000
100
100
200
210
310
410
420
520
520
620
620
620
620
620
620
620
620
620
620
620
620
620
620
620
620
620
620
620
620
620
620
520
520
410
310
310
200
100
100
000
000
000
000
000
000
000
000
100
100
100
210
310
410
420
520
620
620
620
620
620
620
620
620
620
620
620
620
620
620
620
620
620
620
620
620
620
620
620
620
620
520
520
410
310
210
200
100
100
000
000
000
000
000
000
000
100
100
200
210
310
410
520
620
620
620
620
620
620
620
620
620
620
620
620
620
620
620
620
620
620
620
620
620
620
620
620
620
620
620
520
420
410
310
200
100
100
000
000
000
000
000
000
100
100
100
210
310
410
520
620
620
620
620
620
620
620
620
620
620
620
620
620
620
620
620
620
620
620
620
620
620
620
620
620
620
620
620
620
520
410
310
210
200
100
100
000
000
000
000
000
100
100
200
210
310
420
520
620
620
620
620
620
620
620
620
620
620
620
620
620
620
620
620
620
620
620
620
620
620
620
620
620
620
620
620
630
520
420
410
310
210
100
100
000
000
000
000
100
100
100
210
310
410
520
620
620
410
410
620
620
300
E83
E83
620
620
520
620
620
620
620
620
620
620
620
620
620
620
620
620
620
520
620
620
630
620
520
410
310
210
100
100
000
000
000
000
100
100
100
210
310
420
520
620
620
510
510
620
520
410
E83
E83
620
520
520
620
620
520
620
620
620
620
620
520
620
620
620
620
620
620
620
520
730
620
520
420
310
210
100
100
000
000
000
000
100
100
210
310
310
520
631
631
731
520
620
E83
E83
E83
E83
E83
E83
E83
E83
E83
E83
E83
E83
E83
E83
E83
E83
E83
E83
E83
E83
E83
E83
E83
620
620
731
731
621
520
410
310
210
100
100
000
000
000
100
100
210
310
420
521
631
731
731
620
620
E83
E83
E83
E83
E83
E83
E83
E83
E83
E83
E83
E83
E83
E83
E83
E83
E83
E83
E83
E83
E83
E83
E83
620
620
731
731
631
520
420
310
210
100
100
000
000
000
100
210
210
320
420
531
731
841
841
620
620
000
000
000
000
000
000
000
000
000
000
000
E83
E83
000
000
000
000
000
000
000
000
000
000
620
620
841
841
631
531
420
310
210
100
100
000
000
000
100
210
210
320
421
631
741
952
A52
620
620
000
000
DCA
DDA
DCA
DCA
DCA
DCA
ECA
000
000
E83
E83
000
000
DCA
DDA
DCA
DDA
DDA
DCA
000
000
620
620
A52
852
741
631
421
320
210
110
100
000
000
000
110
210
210
321
531
641
842
952
B62
E83
E83
000
000
DCA
DCA
DCA
DCA
DCA
DCA
DCA
000
000
000
000
000
000
DCA
DCA
DCA
DCA
DCA
DCA
000
000
E83
E83
C73
952
742
631
531
320
210
210
100
000
000
000
110
210
210
321
531
641
852
A62
B73
E83
E83
000
000
ECA
DCA
DCA
DCA
DCA
DCA
DCA
000
000
110
110
000
000
DCA
DCA
ECA
DCA
DCA
DCA
000
000
E83
E83
C73
A62
852
641
531
320
210
210
100
000
000
000
110
210
211
321
431
641
752
962
B73
C73
B73
000
000
DCA
DCA
DCA
EDA
DCA
DCA
DCA
000
000
E83
E83
000
000
DCA
DCA
DCA
DCA
DCA
DCA
000
000
B73
C73
B73
962
742
641
431
320
210
210
100
000
000
000
110
210
210
321
431
542
742
852
A63
A73
A63
000
000
000
000
000
000
000
000
000
000
000
E83
E83
000
000
000
000
000
000
000
000
000
000
963
A73
A63
852
742
541
431
321
210
110
100
000
000
000
110
210
210
321
431
542
642
853
963
A63
A63
000
000
000
000
000
000
000
000
000
000
000
E83
E83
000
000
000
000
000
000
000
000
000
000
963
A63
963
852
642
531
431
321
210
110
100
000
000
000
110
210
211
321
331
532
642
753
863
A73
B73
E83
E83
E83
E83
E83
E83
E83
E83
E83
E83
E83
E83
E83
E83
E83
E83
E83
E83
E83
E83
E83
E83
E83
B73
973
863
753
642
531
431
321
210
110
100
000
000
000
110
110
211
221
331
432
542
753
863
973
B84
E83
E83
E83
E83
E83
E83
E83
E83
E83
E83
E83
E83
E83
E83
E83
E83
E83
E83
E83
E83
E83
E83
E83
B84
974
863
753
642
432
431
321
210
110
100
000
000
000
110
110
111
221
332
432
543
653
764
974
A74
D84
D83
E84
E83
E83
E83
E83
E83
E83
E83
E83
E83
E83
E83
E83
E83
E83
E83
E83
E83
D84
D84
D84
A84
974
763
653
542
432
331
221
210
110
100
000
000
000
110
111
111
221
332
432
443
553
664
764
974
B74
C74
D83
E83
E83
E83
E83
E83
E83
E83
E83
E83
E83
E83
E83
E83
E83
E83
E83
E83
D84
B84
A84
974
764
654
653
543
432
332
221
211
110
110
000
000
000
111
111
111
222
232
343
443
554
554
665
765
964
B64
B74
B74
C84
D72
D62
D72
D62
D72
D72
D72
D62
D72
D72
D62
D62
D72
C84
B84
A75
875
775
665
665
554
554
443
443
332
221
221
111
110
110
000
000
111
111
121
222
232
343
344
454
455
245
245
A20
A20
244
245
245
E72
E72
E72
E72
E72
E72
E72
E72
E72
E72
E72
E72
E72
245
245
255
245
245
245
245
455
454
444
343
332
322
221
211
110
110
100
000
111
111
122
222
233
343
354
465
465
245
244
920
A20
244
245
245
245
244
244
245
244
244
245
244
244
245
244
244
245
245
245
245
245
245
245
245
465
465
455
343
333
332
221
221
110
110
110
100
111
121
122
232
233
344
355
245
244
245
244
A20
A20
244
244
245
244
244
245
244
244
245
244
244
245
245
245
245
244
245
245
245
244
245
244
244
245
245
244
344
343
332
322
221
211
210
110
110
111
122
122
233
233
244
355
244
245
245
244
A20
A20
244
244
245
244
244
245
D81
244
245
D81
244
245
D81
244
244
245
245
245
245
245
245
244
245
245
245
245
444
443
332
332
321
221
210
210
210
121
122
222
233
243
344
355
244
244
244
244
920
A20
244
244
244
244
244
244
D81
244
244
D91
244
244
D91
244
244
244
244
244
244
244
244
133
244
244
244
244
444
443
432
432
421
321
310
210
210
122
122
222
233
244
344
255
244
244
244
123
A20
A20
244
244
244
962
000
110
110
110
110
110
111
110
110
111
110
962
244
244
244
245
244
133
244
244
244
244
454
543
532
532
431
421
321
320
320
122
222
232
233
344
354
245
244
244
244
133
920
A20
244
244
244
D81
000
110
E91
D81
D81
D91
D81
D81
D91
110
110
D91
244
244
244
244
244
133
244
244
244
244
543
643
642
632
531
521
421
421
420
222
222
233
243
344
355
244
244
244
244
133
920
A20
244
244
244
244
000
110
E91
FE1
110
110
110
110
D81
111
110
244
244
244
244
244
244
133
244
244
244
244
643
642
742
631
631
631
531
521
421
232
232
233
343
344
355
244
244
244
144
133
920
920
244
244
244
D81
000
110
D91
FE1
110
110
D81
110
D81
110
110
D81
244
244
244
244
244
133
244
244
244
244
742
741
841
741
731
631
631
521
521
332
333
343
343
344
355
244
244
244
144
133
920
920
244
244
244
244
000
110
D91
FE1
110
FA1
EA1
110
D91
110
110
244
244
244
244
244
144
133
144
520
520
830
620
520
830
620
620
100
631
631
531
333
343
443
444
454
355
244
244
244
244
133
920
244
244
244
244
D81
000
110
D91
D81
C81
D81
D81
D91
D81
110
110
D81
244
244
244
244
144
133
122
620
620
830
620
620
830
620
620
100
631
631
631
443
443
443
454
454
355
244
244
244
244
133
144
244
244
244
244
D81
000
111
110
111
110
110
110
110
110
110
110
D81
244
244
244
244
244
133
122
620
620
830
620
620
830
620
620
100
631
631
631
443
443
553
554
454
455
244
244
244
244
133
244
144
244
244
144
244
144
134
C71
134
133
C71
134
133
C71
134
133
244
244
244
244
244
144
133
122
620
620
830
620
620
830
620
620
100
730
731
631
543
553
553
654
564
144
244
244
244
244
133
244
144
244
244
144
244
244
244
D81
244
244
D81
244
144
D81
244
244
244
244
244
244
244
244
133
022
620
520
830
620
620
830
620
620
100
731
731
631
553
653
653
764
765
244
244
244
244
244
133
244
244
244
244
244
244
244
244
244
244
244
244
244
244
244
244
244
244
244
244
244
244
244
133
122
620
620
830
620
620
830
620
620
100
731
731
731
653
653
763
864
974
754
754
754
754
754
654
144
244
244
244
244
244
244
144
144
244
244
244
244
244
144
144
244
244
244
244
244
244
244
133
122
620
620
831
620
620
831
620
620
100
731
731
731
653
753
863
974
B84
E83
E83
E83
E83
E83
974
134
144
144
234
144
244
134
144
244
134
144
144
134
144
144
134
144
144
134
144
144
134
144
133
432
620
620
830
620
620
830
620
620
200
841
741
741
752
753
863
974
B84
E83
E83
E83
E83
E83
B74
011
010
010
011
010
011
011
010
111
110
010
111
010
111
011
111
110
010
111
111
111
111
011
011
542
A62
E83
E83
E83
E83
E83
E83
A52
952
842
741
741
652
753
863
973
B84
E83
E83
E83
C61
E83
E83
221
121
221
221
121
121
121
121
121
221
121
221
221
121
221
221
121
221
221
121
121
221
121
121
542
A73
E83
E83
E83
E83
E83
E83
B63
952
842
741
741
642
752
753
963
A74
E82
F82
E82
E82
E82
222
222
222
222
222
222
221
222
222
222
222
221
221
122
222
222
222
122
222
122
222
222
222
222
222
222
000
A73
C73
C83
C84
C83
C73
A63
852
742
641
631
542
642
752
763
963
974
974
863
653
121
222
221
221
221
221
121
333
333
332
333
333
332
333
333
332
333
333
332
333
333
332
222
222
221
122
221
121
121
753
963
974
A73
963
963
752
742
641
531
542
542
642
653
753
753
653
222
222
221
222
222
222
122
222
332
333
333
333
333
332
332
333
332
332
332
332
332
333
333
332
332
121
221
222
222
222
222
222
543
753
863
863
752
742
642
531
531
431
432
542
542
643
543
222
222
222
222
222
222
222
332
332
333
333
332
332
332
332
332
332
332
332
332
332
332
332
332
332
333
332
332
122
222
222
222
221
222
122
543
643
642
642
531
431
431
331
431
432
442
442
443
122
222
222
121
222
122
332
332
333
332
332
332
332
332
332
332
232
232
332
332
332
332
332
332
332
332
332
332
332
222
221
222
222
222
221
442
542
542
432
431
431
321
321
321
332
432
432
332
222
222
221
121
122
222
332
332
333
332
332
332
332
332
222
222
222
222
222
222
332
332
332
332
332
332
332
332
332
222
121
222
221
121
121
332
432
432
431
321
321
321
221
321
332
332
332
332
332
222
122
121
222
122
122
332
333
332
332
332
332
332
232
222
222
222
222
222
232
332
332
332
332
332
333
332
222
222
122
222
222
121
332
332
332
332
331
321
321
221
221
221
221
322
332
332
332
332
222
121
221
222
122
222
332
332
333
332
332
332
322
222
222
222
222
222
332
332
332
332
332
332
332
122
221
222
122
221
222
332
332
332
332
321
321
221
211
210
211
221
221
322
332
332
332
332
332
222
222
222
122
222
222
332
333
332
332
332
332
332
222
322
222
322
332
332
332
332
332
332
222
121
222
222
221
122
332
332
332
332
332
321
221
211
211
210
211
221
221
221
332
332
332
332
332
332
222
122
121
121
121
221
332
332
332
332
332
332
332
332
332
332
332
332
332
332
332
121
222
121
121
122
221
332
332
332
332
332
332
221
221
211
110
110
111
221
221
222
332
332
332
332
332
332
232
111
111
111
111
111
111
332
333
333
332
332
332
332
332
332
332
332
332
332
111
111
111
111
111
111
222
332
332
332
332
332
332
221
221
211
110
110
111
221
221
222
332
332
332
111
111
111
111
111
111
111
111
111
111
332
443
443
443
432
432
432
432
442
442
443
433
332
111
111
111
111
111
111
111
111
111
111
332
332
332
221
221
111
110
110
111
211
221
222
332
333
332
111
111
111
111
111
111
111
111
111
111
333
443
443
443
443
443
443
443
443
443
443
443
333
111
111
111
111
111
111
111
111
111
111
332
332
332
222
221
111
110
110
111
211
221
222
332
443
333
121
121
121
111
111
121
111
121
121
121
443
553
553
543
543
543
543
543
543
543
543
543
443
121
111
111
121
121
111
111
111
121
121
333
443
332
221
221
111
110
110
111
111
221
222
332
433
333
332
222
222
222
222
222
222
232
332
333
443
543
543
543
543
543
543
543
443
543
543
543
443
332
332
232
222
222
222
222
222
232
332
433
333
332
221
211
111
110
110
111
111
211
221
222
332
332
332
332
332
332
332
332
332
332
332
343
443
443
443
443
443
443
443
443
443
443
443
443
443
333
332
332
332
332
332
332
332
332
332
332
332
222
221
111
110
110
100
110
111
111
221
222
222
332
332
332
332
332
332
232
332
332
332
332
332
332
332
332
332
332
332
332
332
432
442
433
333
332
332
332
332
332
332
332
332
332
232
322
222
221
111
111
110
100
000
110
110
111
111
221
221
222
222
222
222
222
222
222
222
222
232
332
332
332
332
332
332
332
332
332
332
332
332
332
332
332
332
222
222
222
222
222
222
222
222
222
221
121
111
111
110
000
000
110
110
111
111
111
221
222
222
222
222
222
222
222
222
222
222
222
222
232
232
222
322
332
332
322
332
332
332
332
332
332
222
222
222
222
222
222
222
222
222
221
121
111
111
110
000
000
000
010
110
110
111
111
221
221
221
222
222
222
221
222
222
222
222
222
222
222
222
221
222
222
221
221
322
322
222
332
322
222
222
222
222
222
221
221
222
221
221
221
111
111
111
110
000
000
000
