532
532
532
542
642
642
642
642
642
631
410
410
410
410
410
410
410
410
410
410
410
420
410
410
410
410
420
410
410
410
410
410
531
531
632
642
642
642
542
532
431
431
421
321
321
321
321
321
532
532
532
542
642
642
642
632
200
200
420
410
410
410
420
410
420
410
410
410
410
410
420
410
410
410
410
410
410
410
410
410
310
200
200
632
642
642
532
532
432
431
421
321
321
321
321
321
532
532
532
542
642
642
642
631
410
410
410
410
410
410
410
410
410
410
410
420
410
410
410
410
410
410
410
410
410
410
410
410
410
410
410
632
642
642
542
532
432
431
421
321
321
321
321
221
532
532
542
542
642
642
642
631
420
410
410
410
410
410
410
410
410
410
410
410
410
410
410
410
410
410
410
410
410
410
410
410
410
410
410
632
642
642
542
532
532
431
421
321
321
321
321
321
532
532
542
642
642
642
642
631
310
310
410
410
420
D74
D74
D74
410
410
410
410
410
410
410
410
410
410
410
410
410
410
410
410
410
410
410
632
642
642
542
532
532
431
431
421
321
321
321
321
532
542
542
642
642
642
642
631
310
310
410
410
410
D74
D74
D74
410
410
410
410
410
410
410
420
410
410
410
410
410
410
410
410
410
410
410
642
642
642
642
542
532
432
431
421
321
321
321
321
542
542
542
642
642
642
642
631
310
310
D73
D74
D74
D74
D74
D74
D74
D74
D74
D73
D74
D74
D74
D74
C73
D74
D74
D74
D74
D74
D74
D74
310
310
310
642
642
642
642
542
532
532
431
421
321
321
321
321
542
642
642
643
643
742
742
632
310
310
D74
D73
D74
D74
D74
D74
D74
D74
D74
D74
D73
D74
D74
D74
D74
D74
D74
D74
D74
D74
D74
D74
310
310
310
742
742
743
642
642
542
532
432
431
421
321
321
321
642
642
643
643
753
753
752
742
410
310
211
221
111
211
111
111
211
211
111
111
D74
D74
C73
111
211
211
111
211
111
111
111
111
310
310
410
742
753
753
643
642
542
532
432
431
431
321
321
321
642
643
643
753
753
753
853
742
410
410
110
111
110
000
111
011
110
101
010
110
D74
D74
D84
000
110
111
100
111
010
101
110
110
410
310
410
842
753
753
743
642
542
532
432
432
431
321
321
321
643
643
653
753
753
853
853
953
410
410
000
000
010
000
101
011
011
011
001
111
D73
D74
D73
100
011
110
011
010
100
000
010
000
410
410
420
853
853
853
753
643
642
542
532
432
432
331
321
321
653
653
753
753
853
863
964
B63
C63
C63
110
111
011
DCA
DCA
DCA
DCA
DCA
111
111
111
111
011
010
111
DCA
DCA
DCA
DCA
DCA
111
100
C63
C62
B62
A63
963
853
753
653
642
542
542
432
432
432
331
321
653
653
753
753
864
864
964
B74
C63
C63
111
111
010
DCA
DCA
DCA
DCA
DCA
011
011
111
011
111
111
011
DCA
DCA
DCA
DCA
DCA
011
111
C62
C62
C63
A64
964
864
753
653
643
542
542
432
432
332
332
332
653
653
753
753
864
964
974
A74
B74
A63
110
101
011
DCA
DCA
DCA
DCA
DCA
111
111
D74
D74
D74
111
111
DCA
DCA
DCA
DCA
DCA
011
000
953
A64
B74
A64
964
864
753
653
643
543
542
432
432
432
332
332
653
653
754
764
864
864
974
A74
A74
964
111
011
111
875
985
875
875
875
010
111
D74
D74
D84
111
010
875
875
985
875
975
011
010
853
A74
A74
974
864
864
754
653
653
543
543
432
432
432
332
332
654
654
754
764
864
864
975
A75
A75
A74
111
111
011
111
111
011
111
111
011
111
D74
D74
D84
111
011
111
111
110
111
110
000
111
964
A74
A75
974
864
864
764
654
653
543
543
442
432
432
332
332
654
654
664
764
864
875
975
A75
A75
B75
D74
D74
D74
D74
D74
D74
D74
D74
D74
D74
D74
D74
D74
D74
D73
D74
D74
D74
D74
D74
D74
D74
B85
A75
A75
975
865
864
764
654
653
543
543
443
432
332
332
332
654
654
664
764
765
875
975
975
A85
B85
D74
D74
D74
D74
D74
D74
D74
D74
D74
D74
D74
D74
D74
D74
D74
D74
D74
D74
D74
D74
D73
D74
C85
A85
975
875
875
765
664
654
654
543
443
443
433
332
332
332
654
664
664
765
765
875
875
975
A86
A85
C85
C85
D85
D74
D74
D74
D74
D74
D74
D74
D74
D74
D74
D74
D73
D74
D74
D74
D74
D74
C85
C85
B86
A86
976
875
775
765
665
654
554
553
443
443
443
432
332
332
664
665
665
665
765
775
876
976
986
A86
B85
B85
C85
D74
D74
D74
D74
D74
D74
D74
D74
D74
D74
D74
D74
D74
D74
D74
D74
D74
C85
B86
A86
986
876
876
775
665
665
664
554
554
443
443
443
433
333
332
665
665
665
665
665
776
776
876
876
986
A86
A75
B85
C85
C85
C85
C63
C63
C63
C62
C62
C62
C62
C62
C62
C62
C63
C85
C85
B85
A86
986
986
876
776
776
666
666
665
565
554
554
444
443
443
443
433
333
565
665
665
665
666
666
676
776
776
776
876
965
A65
A75
A76
B75
C63
C63
C62
C62
C63
C62
C63
C62
C62
C62
C63
A75
976
976
876
877
777
777
677
677
566
666
566
565
555
554
444
443
443
443
443
433
565
565
566
666
666
666
677
577
146
256
700
700
800
146
156
147
D84
D74
D74
D74
D74
D74
D74
D74
D74
D74
D74
146
146
146
146
146
146
146
146
246
578
566
566
565
555
455
454
444
443
443
443
343
566
566
566
566
566
567
567
467
257
257
810
810
810
256
257
256
D74
D74
D74
D74
D74
D74
D74
D74
D74
D74
D74
257
357
256
257
357
256
257
257
357
578
567
566
566
565
555
454
454
444
443
443
443
566
566
566
566
567
567
467
467
257
256
810
810
810
256
257
256
256
256
256
256
256
256
256
257
256
256
257
256
257
257
256
357
257
257
257
257
578
467
467
566
566
555
455
454
444
444
443
443
566
566
566
567
567
257
257
257
256
256
810
810
810
256
256
256
256
256
256
256
256
256
256
256
256
256
256
256
256
257
256
257
256
257
257
257
256
257
257
466
566
555
555
554
444
444
443
443
566
566
567
567
567
257
257
256
256
256
810
810
810
256
256
256
256
256
764
864
256
764
864
256
864
864
256
256
257
256
256
257
257
367
367
256
257
257
257
467
566
555
555
554
454
444
444
443
676
576
567
577
567
257
257
257
256
256
810
810
810
256
256
256
256
256
C92
C82
256
C92
C82
256
C92
C82
256
256
256
256
256
257
256
134
134
256
257
257
256
467
566
555
555
554
554
554
544
543
677
677
677
577
577
257
257
256
257
256
810
810
810
256
256
256
256
111
111
000
011
111
011
011
111
001
257
256
257
256
257
256
257
134
134
257
257
257
257
467
566
555
555
554
554
554
554
554
676
676
677
577
577
257
257
256
256
134
810
810
810
256
256
256
C82
111
010
110
000
011
111
101
010
111
EA2
C82
256
256
256
256
256
134
134
256
256
256
256
466
565
555
554
654
554
554
553
554
676
676
677
577
577
257
257
256
256
134
810
810
810
256
256
256
256
111
010
C92
C82
C92
D92
C82
C92
111
257
256
256
256
256
256
257
134
134
256
256
256
256
466
555
655
654
654
654
654
653
654
676
676
676
677
577
256
257
256
256
134
810
810
810
256
256
256
C82
111
001
C92
C82
011
111
C82
C92
111
EA2
C82
256
256
256
256
256
134
134
256
256
257
256
456
555
654
654
654
653
653
653
653
776
776
677
677
577
257
256
256
256
134
810
810
810
256
256
256
C82
111
000
C92
C92
111
110
C92
C92
111
EA2
C82
256
256
256
256
256
134
134
256
256
256
256
555
654
653
653
653
653
653
653
653
776
776
776
677
577
256
256
256
256
134
810
810
810
256
246
256
256
111
010
C92
C82
C82
C82
C82
C92
111
257
256
256
256
256
256
256
134
134
256
256
256
256
643
642
642
743
643
653
653
653
653
776
776
776
677
577
256
256
256
256
134
810
810
123
246
256
256
C82
111
010
110
011
111
111
010
011
011
EA2
C82
256
256
256
256
256
134
134
520
420
731
731
310
310
520
520
642
743
753
753
753
876
876
776
777
677
256
256
256
256
134
810
810
123
256
256
256
256
256
C82
C82
256
C82
C92
256
C92
C82
256
256
256
256
256
256
256
134
134
520
520
731
730
310
310
520
520
742
742
753
753
753
876
876
876
776
677
256
256
256
256
134
123
123
123
256
256
256
256
256
C82
C82
256
C82
C82
256
C82
C82
256
256
256
256
256
256
256
134
134
520
520
731
731
310
310
520
520
742
742
753
753
753
886
876
876
776
677
256
256
256
256
134
123
124
256
256
256
256
256
256
256
256
256
246
256
256
256
256
246
256
256
256
256
256
256
134
134
520
520
731
721
310
310
520
520
742
742
753
753
753
986
986
976
876
776
256
256
256
256
134
134
134
256
256
246
256
256
256
256
256
256
256
256
246
256
256
256
256
256
246
256
256
256
134
134
410
520
731
731
310
310
520
520
742
742
753
753
753
986
986
986
986
876
256
256
256
256
134
134
134
256
256
246
256
246
256
256
256
256
256
256
256
256
256
256
256
256
256
256
256
256
134
134
520
520
731
731
310
310
520
520
742
742
753
853
853
985
986
A86
A86
A86
D74
D74
D74
D74
D74
D74
134
246
246
246
256
256
246
256
256
246
246
256
246
256
246
246
256
246
246
256
256
246
134
134
520
520
731
731
310
310
520
520
742
753
853
853
853
A85
A85
A85
A85
B85
D74
D74
D74
D74
D74
D74
123
246
256
246
246
256
246
256
246
246
246
246
246
246
246
246
246
246
246
246
246
246
133
123
520
520
731
731
410
310
520
520
742
853
853
853
853
A85
A85
A85
B85
C85
D74
D74
D74
D74
D74
D74
111
111
111
111
111
111
111
111
111
111
111
111
011
111
111
111
111
111
111
111
111
111
111
111
520
520
731
731
410
410
520
520
852
853
853
853
863
975
A75
A75
B85
C85
D73
D73
D74
D74
D74
D74
111
111
111
111
111
111
111
111
111
111
111
111
111
111
111
111
111
111
111
111
111
111
111
111
C63
C63
C63
C63
C63
C62
B63
953
953
853
853
863
853
975
975
A75
A85
B85
C74
D74
D74
C74
D74
D74
222
222
222
222
222
212
222
222
222
222
222
222
222
222
222
222
222
222
122
222
222
222
222
222
C63
C63
C63
C63
C62
C62
B63
A63
963
863
863
853
853
974
974
974
A75
B85
B85
C85
C85
C85
B74
964
222
222
222
222
222
122
222
222
222
333
443
443
443
333
222
222
222
111
222
221
222
222
222
222
B74
C74
C74
C74
C74
C74
B74
A63
963
863
853
753
753
864
964
974
974
A75
A75
B75
B75
A75
974
754
222
222
222
212
222
222
222
222
222
433
443
444
443
433
222
222
222
222
222
222
222
222
222
222
864
A64
B74
B74
B74
B74
A64
964
863
853
853
753
753
864
864
864
974
974
974
A75
975
975
864
654
222
222
222
222
222
222
222
222
222
443
443
444
443
433
222
222
222
222
222
222
222
222
222
122
754
964
A64
A74
A74
A64
964
963
863
853
753
753
753
764
864
864
864
864
974
974
975
865
764
654
222
222
222
222
222
222
222
222
222
343
443
444
443
433
222
222
222
222
122
222
222
222
222
222
754
864
964
964
964
964
864
863
853
753
753
753
653
753
764
754
764
864
864
864
864
764
754
544
222
222
222
222
212
222
222
111
222
433
443
443
443
343
222
222
222
222
222
222
222
222
222
222
653
754
864
864
864
863
853
753
753
753
653
653
653
653
753
754
754
764
764
764
764
764
654
544
222
222
222
222
222
222
222
112
222
333
443
443
443
433
222
222
222
222
222
222
222
222
222
222
643
753
854
864
853
853
753
753
753
653
643
643
643
653
653
653
653
654
754
754
754
654
654
543
222
222
222
222
222
222
222
222
222
333
443
443
443
333
222
222
222
222
222
222
222
222
222
221
543
653
753
753
753
753
753
653
653
643
543
543
543
653
653
653
653
654
654
654
654
654
554
444
222
122
222
222
222
222
222
222
222
333
443
443
443
333
222
222
222
222
222
122
222
222
222
222
543
643
653
753
753
653
653
653
643
643
543
543
543
543
543
653
653
653
654
653
654
654
544
443
222
222
212
222
222
222
222
222
222
333
433
443
443
333
222
222
222
222
222
222
222
222
222
222
543
543
643
653
653
653
653
643
543
543
542
542
542
543
543
543
553
553
554
553
554
554
544
443
222
222
222
222
222
222
222
222
222
333
433
443
443
333
222
222
222
222
222
222
222
222
222
222
443
543
543
643
643
643
543
543
543
543
542
542
443
543
543
543
543
543
543
543
543
544
443
443
222
222
222
222
222
222
222
222
222
333
333
443
433
333
222
222
222
222
222
122
222
222
222
222
433
443
543
543
543
543
543
543
543
543
442
442
442
443
543
543
543
543
543
543
543
443
443
433
222
222
222
222
222
222
222
222
222
333
333
333
343
333
222
222
222
222
222
222
222
222
212
222
433
443
543
543
543
543
543
543
543
443
432
432
443
443
443
443
443
543
543
443
443
443
443
333
222
222
222
222
222
222
222
222
222
333
333
333
333
333
222
222
122
222
222
122
222
222
222
222
333
433
443
443
443
443
543
443
443
443
432
432
432
443
443
443
443
443
443
443
443
433
333
332
111
111
111
111
111
111
111
111
111
333
333
333
333
332
111
111
111
111
111
111
111
111
111
111
332
332
433
433
443
443
443
443
433
433
432
432
433
443
443
443
443
443
443
443
433
333
332
222
111
111
111
111
111
111
111
111
111
222
333
333
333
222
111
111
111
111
111
111
111
111
111
111
222
322
332
433
433
443
433
433
443
433
432
432
432
443
443
443
443
443
443
433
333
111
111
111
111
111
111
111
111
111
111
111
111
222
333
333
333
222
111
111
111
111
111
111
111
111
111
111
111
111
111
332
333
433
433
433
433
433
433
433
433
433
433
433
433
433
433
333
332
111
011
111
111
111
111
111
111
111
111
111
111
222
332
333
332
222
111
111
111
111
111
111
111
111
111
111
111
111
111
332
332
332
333
333
333
333
332
332
333
433
433
433
433
433
333
333
332
111
111
111
111
111
111
111
111
111
111
111
111
222
333
333
332
222
111
111
111
111
111
111
111
111
111
111
111
111
111
332
333
333
333
333
333
333
333
332
332
433
433
433
433
433
433
333
332
222
222
222
222
222
222
222
222
222
222
222
222
222
332
333
332
222
222
222
222
222
222
222
222
222
222
222
222
222
222
332
333
333
333
333
333
333
332
332
332
