310
310
310
310
310
310
210
210
210
200
100
100
100
100
100
100
100
100
100
100
100
100
100
100
100
100
100
100
100
100
100
100
100
100
100
100
100
100
200
210
210
210
210
210
210
310
310
310
310
310
310
310
310
310
210
210
210
200
200
200
100
100
100
100
100
100
100
100
100
100
100
100
100
100
100
100
100
100
100
100
100
100
100
100
100
200
200
210
210
210
210
210
310
210
310
310
310
310
310
310
310
310
310
310
210
200
200
200
200
200
100
100
100
100
100
100
100
100
100
100
100
100
100
100
100
100
100
100
100
100
100
100
100
200
210
210
210
210
210
310
310
310
310
310
410
410
420
410
420
310
310
310
310
310
210
210
200
200
200
200
200
200
200
100
200
200
100
100
100
100
200
200
200
100
200
200
100
100
200
200
200
210
210
210
310
310
310
310
310
310
310
310
420
420
420
420
420
420
420
410
310
310
310
310
210
200
200
200
200
200
200
200
200
200
200
200
200
200
200
200
200
200
200
200
200
200
200
200
210
210
310
310
310
310
310
310
310
310
410
420
520
520
520
520
520
520
520
420
420
410
310
310
310
310
310
310
310
310
210
200
200
210
210
210
200
210
210
210
210
210
210
210
210
210
210
310
310
310
310
310
310
420
420
420
420
420
420
420
630
620
620
620
620
620
520
520
520
420
410
410
410
310
310
310
310
310
310
310
310
310
310
310
310
310
310
310
310
310
310
310
310
310
310
310
310
310
410
410
420
420
420
520
520
520
520
420
630
630
630
630
630
630
630
630
620
520
520
520
420
410
410
410
410
410
410
410
310
310
310
410
410
310
410
410
310
410
310
310
310
310
410
410
410
420
420
520
520
520
520
520
520
520
530
520
741
741
741
841
741
741
740
730
730
630
620
520
520
520
520
520
410
410
410
410
410
410
410
410
410
410
410
410
410
410
410
410
410
410
410
420
520
520
520
620
630
630
630
630
630
630
630
630
841
841
841
941
941
941
841
841
841
731
730
620
620
520
520
520
520
520
520
520
520
520
520
510
510
520
510
510
520
520
520
520
520
520
520
520
520
620
630
630
730
730
730
740
731
730
730
731
951
A51
A51
A51
A51
A51
A51
A51
941
841
731
730
620
620
620
620
620
620
620
620
620
620
620
620
620
520
520
520
620
520
520
620
620
520
520
620
620
730
731
741
841
841
841
841
841
841
841
841
B61
B61
B61
B61
C61
C61
B61
B61
A51
951
841
831
730
620
620
620
620
620
620
620
620
620
620
620
620
620
620
200
510
941
620
620
720
620
620
620
730
841
841
941
A51
A51
A51
A51
A51
A51
951
951
C72
C72
D71
D71
D71
D71
D71
D71
B61
A51
941
831
730
720
620
520
620
620
620
620
620
620
620
620
520
620
610
620
620
610
620
620
610
620
620
720
731
841
951
A51
B61
B61
B61
B61
B61
B61
B61
A61
D72
E82
F71
F81
F81
E71
F81
F81
D72
B61
A51
841
620
620
620
620
620
610
620
620
610
620
620
620
620
620
610
620
620
620
620
620
620
620
610
300
831
941
B51
C61
D71
D71
D71
D71
C72
C72
C62
B62
D82
E82
F81
F81
F81
E71
F81
F81
D72
B61
A51
941
620
620
620
620
610
610
520
620
620
620
620
620
620
620
620
620
620
620
620
620
620
620
610
610
941
A51
C61
E71
F81
F81
E71
E71
E82
E82
D72
C72
D83
E83
F81
F81
E71
E71
E61
F81
E71
C62
A51
941
620
620
620
620
F81
F81
620
620
620
620
620
620
620
620
620
620
620
620
620
620
620
620
620
620
941
B51
C71
E82
F81
F81
E71
F81
E71
F81
E82
D82
D83
D83
F81
F81
E71
F81
F81
F81
E71
C62
B51
941
620
610
E71
F91
F81
F81
C61
000
400
720
620
510
610
610
520
620
610
620
620
610
620
610
610
620
941
B61
D72
E61
E71
E71
F81
F81
E61
F81
E82
D83
C83
C83
E60
F81
F81
F81
F81
F81
E71
B72
B62
951
620
620
F71
F81
F81
F81
F81
F81
F81
F81
F81
F81
F81
F81
F81
F81
F81
F81
F81
F81
F81
F81
620
620
A41
B62
D72
F81
F81
E61
E71
E71
E71
F81
D82
D83
B84
B84
D83
F81
F81
F81
F81
E71
A73
A73
A62
A51
620
510
000
000
000
000
000
000
000
000
000
F81
F81
000
000
110
000
000
100
FB1
FC2
F71
620
620
951
A62
C72
E71
F81
F81
F81
F81
F81
F71
D83
C83
974
974
974
244
254
254
254
254
664
963
A73
B62
620
610
000
000
DDB
DCA
CC9
FFF
EEC
000
000
F81
F81
000
000
000
000
000
000
000
000
000
620
620
A52
A62
A73
B72
E61
F81
F81
F81
F81
D82
C83
B83
874
874
665
254
254
254
254
254
665
764
973
C73
F81
F81
000
664
DDB
DDB
DDB
DDB
DDB
000
000
000
010
000
DCB
DDB
DDB
DDB
DDB
DDB
000
000
F81
F81
A62
973
864
243
254
254
254
155
F90
A73
A74
974
774
664
565
143
254
254
254
254
132
664
874
B73
D50
E71
000
FFF
DDB
DDB
DDB
DDB
DDB
000
010
100
000
000
DDB
DDB
DDB
DDB
DDB
DDB
000
000
F81
F81
A73
864
664
254
254
254
254
254
254
764
874
874
665
565
465
355
254
255
255
254
255
564
764
974
A73
852
000
000
BB9
FFF
EEC
CB9
DDB
000
000
F81
F81
000
DDB
DDB
DDB
DDB
DDB
DDB
000
000
B72
B73
974
664
454
254
255
255
254
254
465
564
664
764
565
565
455
355
254
254
254
255
254
454
664
864
963
962
000
000
000
000
000
000
000
000
000
F81
F81
000
000
000
000
000
000
000
000
010
963
874
764
564
243
255
254
254
254
254
355
565
664
664
565
455
455
355
254
254
254
254
255
133
465
664
974
C72
F81
F81
F81
F81
F81
F81
F81
F81
F81
F81
F81
F81
F81
F81
F81
F81
F81
F81
F81
F81
973
774
664
465
255
255
255
255
255
255
355
455
554
554
454
454
354
355
255
254
254
254
254
254
254
564
764
C72
F81
F81
F81
F81
F81
F81
F71
F81
F81
F81
F81
F81
F81
F81
F81
F81
F81
F81
F81
F70
874
664
465
022
255
254
254
254
255
365
355
454
454
554
454
354
354
355
355
254
254
254
255
254
254
254
564
863
C62
E71
F81
F81
F81
F81
F81
F81
F81
F81
F81
F81
F81
F81
F81
F81
F81
D72
C73
974
665
465
255
255
254
255
255
255
255
355
355
454
454
454
354
354
354
355
355
466
255
254
244
255
254
244
254
244
B20
B20
244
244
D61
D60
D60
D71
D60
D60
F81
F81
F81
F81
F81
F81
F81
B85
664
565
455
254
255
255
254
255
255
254
255
355
355
354
454
454
344
344
344
344
355
355
355
254
255
255
254
254
244
244
B20
B31
244
354
D61
D60
D60
D71
D60
D60
D71
D60
D70
D71
E71
254
244
244
244
254
254
255
255
255
255
255
255
255
355
355
354
344
344
344
344
344
344
344
354
344
355
355
254
254
254
254
244
244
B30
A31
244
244
244
244
244
244
244
244
244
244
244
244
244
244
244
244
244
244
254
254
254
254
254
254
587
355
355
354
344
344
344
344
343
343
344
244
344
344
354
255
355
255
254
244
254
244
B20
C20
244
244
244
244
FA0
E90
244
E90
244
E90
244
E90
244
244
244
244
244
244
254
254
255
255
254
355
355
355
344
344
344
344
344
344
343
343
343
243
244
244
244
254
355
355
255
254
244
244
B20
E20
244
244
254
254
000
000
000
000
000
000
000
000
000
244
244
244
244
244
254
254
255
366
355
355
354
344
344
344
343
343
343
343
233
333
233
233
243
244
244
244
354
355
355
355
254
244
B20
443
244
244
E90
E90
000
E90
E90
E90
E90
E90
E90
E80
000
E90
244
244
244
244
254
254
355
355
355
354
344
344
344
343
343
333
333
333
233
233
233
233
233
243
244
244
244
254
355
355
244
244
B20
056
244
244
016
145
000
E90
000
000
000
000
FD0
FB0
000
244
244
244
244
254
254
355
355
355
354
344
244
244
243
243
233
233
333
333
233
233
233
233
233
233
243
244
244
244
355
355
244
244
B30
055
244
244
E90
E90
000
E90
000
E90
420
000
E90
FE0
000
E90
244
244
244
254
355
355
355
354
254
244
244
243
233
233
233
233
233
233
233
233
233
233
233
233
233
244
244
244
355
355
244
244
B30
244
244
244
016
035
000
E90
000
E90
E90
100
E90
740
000
244
244
244
244
244
355
355
355
354
244
244
243
233
233
233
233
233
233
233
233
233
233
233
233
233
233
243
244
244
355
355
244
244
B30
244
244
244
E90
FE0
000
E90
000
000
000
000
EA0
000
110
E90
244
244
244
244
355
355
354
344
244
244
233
233
233
233
233
232
233
233
232
222
222
232
233
233
233
233
244
244
354
355
254
244
244
244
244
244
244
254
000
000
000
C90
FF0
FB0
D80
000
000
244
244
244
244
244
355
355
354
344
244
243
233
233
232
232
232
232
232
232
222
222
222
222
232
233
233
233
244
244
254
355
254
244
244
244
244
244
244
244
E90
244
D90
FB0
025
E80
265
FE0
244
244
254
244
244
254
355
355
354
244
243
233
233
233
232
222
222
222
222
222
222
222
222
222
232
232
233
233
243
244
254
355
254
254
244
254
244
244
254
244
E90
244
E90
A71
025
E90
244
E90
254
244
254
254
254
254
355
354
344
244
233
233
233
232
232
232
222
222
222
232
222
222
222
222
222
232
233
233
243
244
244
354
254
244
244
254
254
244
254
254
244
244
254
244
254
244
244
254
244
244
254
254
244
254
355
344
344
243
233
233
233
232
232
222
222
222
222
222
222
222
222
122
222
222
232
233
233
243
243
233
110
111
111
110
111
111
110
110
111
111
000
000
122
266
266
244
254
244
254
254
244
254
344
344
243
233
233
233
232
222
222
222
222
222
222
222
222
222
122
222
122
222
232
232
233
233
233
232
111
111
111
111
111
111
111
111
111
111
111
111
111
111
111
111
111
111
111
111
111
111
233
233
233
233
233
232
222
222
222
222
222
222
222
222
222
222
222
122
222
222
222
232
232
232
232
111
121
121
111
111
121
111
121
121
111
121
121
111
121
121
111
121
121
111
121
121
111
121
232
232
232
232
232
222
222
222
222
222
222
222
222
222
222
222
122
122
122
222
222
222
222
222
111
111
111
121
111
121
111
121
000
110
221
221
111
111
121
111
111
111
111
121
111
111
111
121
111
222
232
232
222
222
222
222
222
222
222
222
222
222
222
121
221
121
122
222
222
222
222
121
111
121
121
111
111
121
111
221
221
222
221
221
222
221
221
222
221
221
221
121
121
111
111
121
111
111
222
222
222
222
222
222
221
221
221
222
222
222
222
121
221
121
121
222
222
222
000
111
111
211
121
111
111
000
221
221
221
221
221
221
221
221
221
221
221
221
221
221
121
111
111
121
111
211
121
222
222
222
222
222
221
121
221
222
222
222
222
122
121
121
121
221
222
221
111
111
111
121
121
121
221
221
221
221
221
221
221
221
221
221
221
221
221
221
221
221
221
111
211
121
111
121
121
222
222
222
222
221
221
121
221
222
222
222
221
121
121
121
121
121
121
221
222
111
121
121
121
121
111
221
221
221
221
221
221
221
221
221
221
221
221
221
221
221
111
111
121
111
121
121
221
222
222
221
221
221
221
121
121
222
222
222
121
121
111
111
121
121
121
221
221
111
111
111
111
121
111
221
221
221
221
221
221
121
121
221
121
221
221
221
221
111
111
111
111
111
111
000
221
221
221
221
121
221
121
121
221
221
222
222
121
121
121
111
111
121
121
221
221
221
111
121
111
111
121
111
221
221
121
221
121
111
121
121
221
221
221
221
111
121
111
111
121
111
121
222
221
221
221
221
221
121
121
221
221
221
222
222
121
111
111
111
121
121
121
121
221
121
111
111
121
121
110
110
121
221
121
121
111
121
121
121
111
121
221
111
110
110
221
111
111
111
221
221
121
221
221
121
121
111
121
121
221
121
221
222
111
111
111
111
111
121
121
121
121
121
221
111
111
111
111
111
111
121
121
121
111
111
111
111
111
111
121
110
111
111
111
111
111
121
221
221
221
121
121
111
111
111
111
111
221
221
222
222
111
111
111
111
111
111
111
121
121
121
222
111
110
110
110
110
121
111
111
111
111
111
111
111
111
111
111
111
110
110
110
111
110
121
121
121
121
111
111
111
111
111
111
121
121
221
221
222
111
111
111
111
111
111
111
111
121
121
111
111
111
111
111
111
111
111
111
111
111
111
111
111
111
111
111
111
111
111
111
111
000
121
121
121
121
111
111
111
111
111
111
121
121
221
221
222
111
111
111
111
111
111
111
111
111
121
111
111
111
111
111
111
111
111
111
111
111
111
111
111
111
111
111
111
111
111
111
111
121
111
121
111
111
111
111
111
111
111
111
111
121
121
121
222
111
111
111
111
111
111
111
111
111
111
111
111
111
111
111
111
111
111
111
111
111
111
111
111
111
111
111
111
111
111
111
111
111
111
111
111
111
111
111
111
111
111
111
111
111
111
221
222
111
111
111
111
111
111
111
111
111
111
111
111
111
111
111
111
111
111
111
111
111
111
111
111
111
111
111
111
111
111
111
111
111
111
111
111
111
111
111
111
111
111
111
111
121
121
121
221
111
111
111
111
111
111
111
111
111
111
111
111
111
111
111
111
111
111
111
111
111
111
111
111
111
111
111
111
111
111
111
111
111
111
111
111
111
111
111
111
111
111
111
111
111
121
221
222
111
111
111
111
111
111
111
111
111
111
111
111
111
111
111
111
111
111
111
111
111
111
111
111
111
111
111
111
111
111
111
111
111
111
111
111
111
111
111
111
111
111
111
111
111
121
121
221
121
111
111
111
111
111
111
111
111
111
111
111
111
111
111
111
111
111
111
111
111
111
111
111
111
111
111
111
111
111
111
111
111
111
111
111
111
111
111
111
111
111
111
111
111
121
121
122
111
111
111
111
111
111
111
111
111
111
111
111
111
111
111
111
111
111
010
011
011
010
011
110
011
111
111
111
111
111
111
111
111
111
111
111
111
111
111
111
111
111
111
111
111
111
121
121
111
111
111
111
111
111
111
111
111
111
111
111
111
111
111
111
011
011
011
010
010
011
011
011
011
011
111
111
111
111
111
111
111
111
111
111
111
111
111
111
111
111
111
111
111
111
121
121
111
111
111
111
111
111
111
111
111
111
111
111
111
111
111
111
111
110
010
010
010
000
111
010
010
111
111
111
111
111
111
111
111
111
111
111
111
111
111
111
111
111
111
111
111
121
121
121
